这里再给大家分享一些常用的分层控制预设：
身体
BODY:1,1,1,1,1,1,1,1,0,0,0,1,1,1,1,1,1
BODY0.5:1,1,1,1,1,1,0.2,1,0.2,0,0,0.8,1,1,1,1,1

脸部（脸型、发型、眼型、瞳色等）
FACE:1,0,0,0,0,0,0,0,1,1,1,0,0,0,0,0,0
FACE0.5:1,0,0,0,0,0,0,0,0.8,1,1,0.2,0,0,0,0,0
FACE0.2:1,0,0,0,0,0,0,0,0.2,0.6,0.8,0.2,0,0,0,0,0

修手专用
HAND:1,0,1,1,0.2,0,0,0,0,0,0,0,0,0,0,0,0

服装（搭配tag使用）
CLOTHING:1,1,1,1,1,0,0.2,0,0.8,1,1,0.2,0,0,0,0,0

动作（搭配tag使用）
POSE:1,0,0,0,0,0,0.2,1,1,1,0,0,0,0,0,0,0

上色风格（搭配tag使用）
PALETTE:1,0,0,0,0,0,0,0,0,0,0,0.8,1,1,1,1,1

角色（去风格化）
KEEPCHAR:1,1,1,1,1,0,0,0,1,1,1,1,1,1,1,0,0

背景（去风格化）
KEEPBG:1,1,1,1,1,1,0.2,1,0.2,0,0,0.8,1,1,1,0,0

减弱过拟合（等同于OUTALL）
REDUCEFIT:1,0,0,0,0,0,0,0,1,1,1,1,1,1,1,1,1
